17
Statistical Tables
TABLE 17.1
Random Orders of the Digits 1–9: Arranged in Groups of Three Columns
Instructions
(1)
To generate a sequence of three-digit random numbers, enter the table at any location, e.g.,
closing the eyes and pointing. Without inspecting the numbers, decide whether to move up or
down the column entered. Record as many numbers as needed. Discard any numbers that are
unsuitable (out of range, came up before, etc.). The sequence of numbers obtained in this
manner is in random order.
(2)
To generate a sequence of two-digit random numbers, proceed as in (1), but ﬁrst decide, e.g., by
coin toss, whether to use the ﬁrst two or last two digits of each number taken from the table.
Treat each three-digit number in the same manner, i.e., discard the same digit from each. If two-
digit number comes up more than once, retain only the ﬁrst.
(3)
Random number tables are impractical for problems such as: “place the numbers from 15 to 50
in random order.” Instead, write each number on a card and draw the cards blindly from a bag
or use a computerized random number generator such as PROC PLAN from SAS.w
862 245 458 396 522 498 298 665 635 665 113 917 365 332 896 314 688 468 663 712 585 351
847
223 398 183 765 138 369 163 743 593 252 581 355 542 691 537 222 746 636 478 368 949 797
295
756 954 266 174 496 133 759 488 854 187 228 824 881 549 759 169 122 919 946 293 874 289
452
544 537 522 459 984 585 946 127 711 549 445 793 734 855 121 885 595 152 237 574 611 145
784
681 829 614 547 869 742 822 554 448 813 976 688 959 714 912 646 873 397 159 155 136 463
363
199
113 941 933 375 651 414 891 129 938 862 572 698 128 363 478 214 841 314 437 792 874
926
918 481 797 621 743 827 377 916 966 429 657 246 423 277 685 533 937 223 582 946 323 626
519
335 662 875 282 617 274 635 379 287 791 334 139 117 963 448 957 451 585 821 829 267 512
638
477 776 339 818 251 916 581 232 372 374 799 461 276 486 274 791 369 774 795 681 458 938
171
653 489 538 216 446 849 914 337 993 459 325 614 771 244 429 874 557 119 122 417 882 714
769
749 824 721 967 287 556 628 843 725 731 553 253 183 653 988 431 788 426 875 838 457 927
475
522 967 259 532 618 624 396 562 134 563 932 441 834 787 231 958 232 537 439 956 531 345
352
475 172 986 859 925 932 282 924 842 642 797 565 399 896 596 282 441 784 258 684 625 662
291
894 333 612 728 869 487 741 259 476 127 286 736 257 168 847 316 969 692 786 549 949 559
526
116
218 464 191 132 218 573 786 258 296 471 372 618 935 353 747 123 863 644 161 793 196
847
381 641 393 375 354 193 165 615 587 384 119 187 965 572 112 695 615 941 361 375 376 871
633
968 755 847 643 773 765 439 478 611 978 868 898 546 319 775 169 896 275 513 222 114 233
184
742 421 226 286 522 618 471 218 397 745 461 477 478 535 957 674 132 228 442 225 444 171
151
859 878 392 311 659 772 935 447 834 117 658 161 754 654 176 883 855 195 637 751 586 948
513
964 593 137 574 288 994 582 961 746 336 983 782 611 988 833 265 969 584 564 683 197 214
326
177 636 674 897 167 157 856 524 662 598 145 926 362 777 415 931 313 317 195 137 959 536
985
228 755 915 955 946 233 647 653 425 674 719 543 549 826 669 429 576 773 756 392 632 725
879
591 214 851 669 394 349 299 192 179 264 332 294 896 299 782 397 791 659 921 569 811 683
762
636 167 789 438 413 565 118 889 253 452 577 859 125 141 241 746 444 841 313 446 225 362
248
415 982 543 743 835 826 364 776 988 923 224 615 283 462 328 512 228 466 278 874 373 499
437
383 349 468 122 771 481 723 335 511 889 896 338 937 313 594 158 687 932 889 918 768 857
694
Source:
From W.G. Cochran and G.M. Cox. 1957. Experimental Design, John Wiley & Sons, New York.
419
