Table 17.4
Continued
V
2
3
4
5
6
7
8
9
10
11
12
13
14
15
16
17
18
19
20
24
2.92
3.53
3.90
4.17
4.37
4.54
4.68
4.81
4.92
5.01
5.10
5.18
5.25
5.32
5.38
5.44
5.49
5.55
5.59
30
2.89
3.49
3.85
4.10
4.30
4.46
4.60
4.72
4.82
4.92
5.00
5.08
5.15
5.21
5.27
5.33
5.38
5.43
5.47
40
2.86
3.44
3.79
4.04
4.23
4.39
4.52
4.63
4.73
4.82
4.90
4.98
5.04
4.11
5.16
5.22
5.27
5.31
5.36
60
2.83
3.40
3.74
3.98
4.16
4.31
4.44
4.55
4.65
4.73
4.81
4.88
4.94
5.00
5.06
5.11
5.15
5.20
5.24
120
2.80
3.36
3.68
3.92
4.10
4.24
4.36
4.47
4.56
4.64
4.71
4.78
4.84
4.90
4.95
5.00
5.04
5.09
5.13
N
2.77
3.31
3.63
3.86
4.03
4.17
4.29
4.39
4.47
4.55
4.62
4.68
4.74
4.80
4.85
4.89
4.93
4.97
5.01
The entries are q0.10 where p(q!q0.10) Z 0.90
1
8.93
13.44
16.36
18.49
20.15
21.51
22.64
23.62
24.48
25.24
25.92
26.54
27.10
27.62
28.10
28.54
28.96
29.35
29.71
2
4.13
5.73
6.77
7.54
8.14
8.63
9.05
9.41
9.72
10.01
10.26
10.49
10.70
10.89
11.07
11.24
11.39
11.54
11.68
3
3.33
4.47
5.20
5.74
6.16
6.51
6.81
7.06
7.29
7.49
7.67
7.83
7.98
8.12
8.25
8.27
8.48
8.58
8.68
4
3.01
3.98
4.59
4.03
5.39
5.68
5.93
6.14
6.33
6.49
6.65
6.78
6.91
7.02
7.13
7.23
7.33
7.41
7.50
5
2.85
3.72
4.26
4.66
4.98
5.24
5.46
5.65
5.82
5.97
6.10
6.22
6.34
6.44
6.54
6.63
6.71
6.79
6.86
6
2.75
3.56
4.07
4.44
4.73
4.97
5.17
5.34
5.50
5.64
5.76
5.87
5.98
6.07
6.16
5.25
6.32
6.40
6.47
7
2.68
3.45
3.93
4.28
4.55
4.78
4.97
5.14
5.28
5.41
5.53
5.64
5.74
5.83
5.91
5.99
6.06
6.13
6.19
8
2.63
3.37
3.83
4.17
4.43
4.65
4.83
4.99
5.13
5.25
5.36
5.46
5.56
5.64
5.72
5.80
5.87
5.93
6.00
9
2.59
3.32
3.76
4.08
4.34
4.54
4.72
4.87
5.01
5.13
5.23
5.33
5.42
5.51
5.58
5.66
5.72
5.79
5.85
10
2.56
3.27
3.70
4.02
4.26
4.47
4.64
4.78
4.91
5.03
5.13
5.23
5.32
5.40
5.47
5.54
5.61
5.67
5.73
11
2.54
3.23
3.66
3.96
4.20
4.40
4.57
4.71
4.84
4.95
5.05
5.15
5.23
5.31
5.38
5.45
5.51
5.57
5.63
12
2.52
3.20
3.62
3.92
4.16
4.35
4.51
4.65
4.78
4.89
4.99
5.08
5.16
5.24
5.31
5.37
5.44
5.49
5.55
13
2.50
3.18
3.59
3.88
4.12
4.20
4.46
4.60
4.72
4.83
4.93
5.02
5.10
5.28
5.25
5.31
5.37
5.43
5.48
14
2.49
3.16
3.56
3.85
4.08
4.27
4.42
4.56
4.68
4.79
4.88
4.97
5.05
5.12
5.19
5.26
5.32
5.37
5.43
15
2.48
3.14
3.54
3.83
4.05
4.23
4.39
4.52
4.64
4.75
4.84
4.93
5.01
5.08
5.15
5.21
5.27
5.32
5.38
16
2.47
3.12
3.52
3.80
4.03
4.21
4.36
4.49
4.61
4.71
4.81
4.89
4.97
5.04
5.11
5.17
5.23
5.28
5.33
17
2.46
3.11
3.50
3.78
4.00
4.18
4.33
4.46
4.58
4.68
4.77
4.86
4.93
5.01
5.07
5.13
5.19
5.24
5.30
18
2.45
3.10
3.49
3.77
3.98
4.16
4.31
4.44
4.55
4.65
4.75
4.83
4.90
4.98
5.04
5.10
5.16
5.21
5.26
Sensory Evaluation Techniques, 4th Ed., Ch. 17
424
