16
3.05
2.67
2.46
2.33
2.24
2.18
2.13
2.09
2.06
2.03
1.99
1.94
1.89
1.87
1.84
1.81
1.78
1.75
1.72
17
3.03
2.64
2.44
2.31
2.22
2.15
2.10
2.06
2.03
2.00
1.96
1.91
1.86
1.84
1.81
1.78
1.75
1.72
1.69
18
3.01
2.62
2.42
2.29
2.20
2.13
2.08
2.04
2.00
1.98
1.93
1.89
1.84
1.81
1.78
1.75
1.72
1.69
1.66
19
2.99
2.61
2.40
2.27
2.18
2.11
2.06
2.02
1.98
1.96
1.91
1.86
1.81
1.79
1.76
1.73
1.70
1.67
1.63
20
2.97
2.59
2.38
2.25
2.16
2.09
2.04
2.00
1.96
1.94
1.89
1.84
1.79
1.77
1.74
1.71
1.68
1.64
1.61
21
2.96
2.57
2.36
2.23
2.14
2.08
2.02
1.98
1.95
1.92
1.87
1.83
1.78
1.75
1.72
1.69
1.66
1.62
1.59
22
2.95
2.56
2.35
2.22
2.13
2.06
2.01
1.97
1.93
1.90
1.86
1.81
1.76
1.73
1.70
1.67
1.64
1.60
1.57
23
2.94
2.55
2.34
2.21
2.11
2.05
1.99
1.95
1.92
1.89
1.84
1.80
1.74
1.72
1.69
1.66
1.62
1.59
1.55
24
2.93
2.54
2.33
2.19
2.10
2.04
1.98
1.94
1.91
1.88
1.83
1.78
1.73
1.70
1.67
1.64
1.61
1.57
1.53
25
2.92
2.53
2.32
2.18
2.09
2.02
1.97
1.93
1.89
1.87
1.82
1.77
1.72
1.69
1.66
1.63
1.59
1.56
1.52
26
2.91
2.52
2.31
2.17
2.08
2.01
1.96
1.92
1.88
1.86
1.81
1.76
1.71
1.68
1.65
1.61
1.58
1.54
1.50
27
2.90
2.51
2.30
2.17
2.07
2.00
1.95
1.91
1.87
1.85
1.80
1.75
1.70
1.67
1.64
1.60
1.57
1.53
1.49
28
2.89
2.50
2.29
2.16
2.06
2.00
1.94
1.90
1.87
1.84
1.79
1.74
1.69
1.66
1.63
1.59
1.56
1.52
1.48
29
2.89
2.50
2.28
2.15
2.06
1.99
1.93
1.89
1.86
1.83
1.78
1.73
1.68
1.65
1.62
1.58
1.55
1.51
1.47
30
2.88
2.49
2.28
2.14
2.05
1.98
1.93
1.88
1.85
1.82
1.77
1.72
1.67
1.64
1.61
1.57
1.54
1.50
1.46
40
2.84
2.44
2.23
2.09
2.00
1.93
1.87
1.83
1.79
1.76
1.71
1.66
1.61
1.57
1.54
1.51
1.47
1.42
1.38
60
2.79
2.39
2.18
2.04
1.95
1.87
1.82
1.77
1.74
1.71
1.66
1.60
1.54
1.51
1.48
1.44
1.40
1.35
1.29
120
2.75
2.35
2.13
1.99
1.90
1.82
1.77
1.72
1.68
1.65
1.60
1.55
1.48
1.45
1.41
1.37
1.32
1.26
1.19
N
2.71
2.30
2.08
1.94
1.85
1.77
1.72
1.67
1.63
1.60
1.55
1.49
1.42
1.38
1.34
1.30
1.24
1.17
1.00
aZ0.05
1
161.4
199.5
215.7
224.6
230.2
234.0
236.8
238.9
240.5
241.9
243.9
245.9
248.0
249.1
250.1
251.1
252.2
253.3
254.3
2
18.51
19.00
19.16
19.25
19.30
19.33
19.35
19.37
19.38
19.40
19.41
19.43
19.45
19.45
19.46
19.47
19.48
19.49
19.50
3
10.13
9.55
9.28
9.12
9.01
8.94
8.89
8.85
8.81
8.79
8.74
8.70
8.66
8.64
8.62
8.59
8.57
8.55
8.53
4
7.71
6.94
6.59
6.39
6.26
6.16
6.09
6.04
6.00
5.96
5.91
5.86
5.80
5.77
5.75
5.72
5.69
5.66
5.63
5
6.61
5.79
5.41
5.19
5.05
4.95
4.88
4.82
4.77
4.74
4.68
4.62
4.56
4.53
4.50
4.46
4.43
4.40
4.36
6
5.99
5.14
4.76
4.53
4.39
4.28
4.21
4.15
4.10
4.06
4.00
3.94
3.87
3.84
3.81
3.77
3.74
3.70
3.67
7
5.59
4.74
4.35
4.12
3.97
3.87
3.79
3.73
3.68
3.64
3.57
3.51
3.44
3.41
3.38
3.34
3.30
3.27
3.23
8
5.32
4.46
4.07
3.84
3.69
3.58
3.50
3.44
3.39
3.35
3.28
3.22
3.15
3.12
3.08
3.04
3.01
2.97
2.93
9
5.12
4.26
3.86
3.63
3.48
3.37
3.29
3.23
3.18
3.14
3.07
3.01
2.94
2.90
2.86
2.83
2.79
2.75
2.71
10
4.96
4.10
3.71
3.48
3.33
3.22
3.14
3.07
3.02
2.98
2.91
2.85
2.77
2.74
2.70
2.66
2.62
2.58
2.54
11
4.84
3.98
3.59
3.36
3.20
3.09
3.01
2.95
2.90
2.85
2.79
2.72
2.65
2.61
2.57
2.53
2.49
2.45
2.40
12
4.75
3.89
3.49
3.26
3.11
3.00
2.91
2.85
2.80
2.75
2.69
2.62
2.54
2.51
2.47
2.43
2.38
2.34
2.30
13
4.67
3.81
3.41
3.18
3.03
2.92
2.83
2.77
2.71
2.67
2.60
2.53
2.46
2.42
2.38
2.34
2.30
2.25
2.21
14
4.60
3.74
3.34
3.11
2.96
2.85
2.76
2.70
2.65
2.60
2.53
2.46
2.39
2.35
2.31
2.27
2.22
2.18
2.13
15
4.54
3.68
3.29
3.06
2.90
2.79
2.71
2.64
2.59
2.54
2.48
2.40
2.33
2.29
2.25
2.20
2.16
2.11
2.07
16
4.49
3.63
3.24
3.01
2.85
2.74
2.66
2.59
2.54
2.49
2.42
2.35
2.28
2.24
2.19
2.15
2.11
2.06
2.01
(continued)
Statistical Tables
429
