TABLE 17.11
Minimum Number of Assessments in a Two-Sided Directional Difference Test (Entries are na,b,pmax)
Entries are the sample sizes (n) required in Two-Sided Directional Difference test to deliver the
sensitivity deﬁned by the values chosen for a, b, and pmax. Enter the table in the section corresponding
to the chosen value of pmax and the row corresponding to the chosen value of a. Read the required
sample size, n, from the column corresponding to the chosen value of b.
b
a
0.50
0.40
0.30
0.20
0.10
0.05
0.01
0.001
pmaxZ75%
0.40
5
5
10
12
19
26
39
58
0.30
6
8
11
16
22
29
42
64
0.20
9
9
14
19
26
33
48
70
0.10
13
16
18
23
33
42
58
82
0.05
17
20
25
30
42
49
67
92
0.01
26
34
39
44
57
66
87
117
0.001
42
50
58
66
78
90
117
149
pmaxZ70%
0.40
5
10
12
19
30
39
60
94
0.30
8
13
18
22
33
44
68
102
0.20
14
19
21
28
39
53
79
113
0.10
18
23
30
37
53
67
93
132
0.05
25
35
40
49
65
79
110
149
0.01
44
49
59
73
92
108
144
191
0.001
68
78
90
102
126
147
188
240
pmaxZ65%
0.40
10
17
21
32
49
68
110
166
0.30
13
20
29
42
59
81
125
188
0.20
21
28
37
53
72
96
145
208
0.10
30
42
53
69
93
119
173
243
0.05
44
56
67
90
114
145
199
176
0.01
73
92
108
131
164
195
261
345
0.001
121
140
161
188
229
267
342
440
pmaxZ60%
0.40
21
32
49
77
112
158
253
384
0.30
31
44
66
89
133
179
283
425
0.20
46
66
85
115
168
214
322
471
0.10
71
93
119
158
213
268
392
554
0.05
101
125
158
199
263
327
455
635
0.01
171
204
241
291
373
446
596
796
0.001
276
318
364
425
520
604
781
1010
pmaxZ55%
0.40
81
129
193
294
451
618
1006
1555
0.30
110
173
254
359
550
721
1130
1702
0.20
170
239
337
461
658
861
1310
1905
0.10
281
369
475
620
866
1092
1583
2237
0.05
390
497
620
786
1055
1302
1833
2544
0.01
670
802
963
1167
1493
1782
2408
3203
0.001
1090
1260
1461
1707
2094
2440
3152
4063
Sensory Evaluation Techniques, 4th Ed., Ch. 17
436
