18
6.26
7.01
8.23
9.39
10.9
13.7
17.3
21.6
26.0
28.9
31.5
34.8
37.2
19
6.84
7.63
8.91
10.1
11.7
14.6
18.3
22.7
27.2
30.1
32.9
36.2
38.6
20
7.43
8.26
9.59
10.9
12.4
15.5
19.3
23.8
28.4
31.4
34.2
37.6
40.0
21
8.03
8.90
10.3
11.6
13.2
16.3
20.3
24.9
29.6
32.7
35.5
38.9
41.4
22
8.64
9.54
11.0
12.3
14.0
17.2
21.3
26.9
30.8
33.9
36.8
40.3
42.8
23
9.26
10.2
11.7
13.1
14.8
18.1
22.3
27.1
32.0
35.2
38.1
41.6
44.2
24
9.89
10.9
12.4
13.8
15.7
19.0
23.3
28.2
33.2
36.4
39.4
43.0
45.6
25
10.5
11.5
13.1
14.6
16.5
19.9
24.3
29.3
34.4
37.7
40.6
44.3
46.9
26
11.2
12.2
13.8
15.4
17.3
20.8
25.3
30.4
35.6
38.9
41.9
45.6
48.3
27
11.8
12.9
14.6
16.2
18.1
21.7
26.3
31.5
36.7
40.1
43.2
47.0
49.6
28
12.5
13.6
15.3
16.9
18.9
22.7
27.3
32.6
37.9
41.3
44.5
48.3
51.0
29
13.1
14.3
16.0
17.7
19.8
23.6
28.3
33.7
39.1
42.6
45.7
49.6
52.3
30
13.8
15.0
16.8
18.5
20.6
24.5
29.3
34.8
40.3
43.8
47.0
50.9
53.7
Statistical Tables
427
