Table 17.6
Continued
n1
n2
1
2
3
4
5
6
7
8
9
10
12
15
20
24
30
40
60
120
N
17
4.45
3.59
3.20
2.96
2.81
2.70
2.61
2.55
2.49
2.45
2.38
2.31
2.23
2.19
2.15
2.10
2.06
2.01
1.96
18
4.41
3.55
3.16
2.93
2.77
2.66
2.58
2.51
2.46
2.41
2.34
2.27
2.19
2.15
2.11
2.06
2.02
1.97
1.92
19
4.38
3.52
3.13
2.90
2.74
2.63
2.54
2.48
2.42
2.38
2.31
2.23
2.16
2.11
2.07
2.03
1.98
1.93
1.88
20
4.35
3.49
3.10
2.87
2.71
2.60
2.51
2.45
2.39
2.35
2.28
2.20
2.12
2.08
2.04
1.99
1.95
1.90
1.84
21
4.32
3.47
3.07
2.84
2.68
2.57
2.49
2.42
2.37
2.32
2.25
2.18
2.10
2.05
2.01
1.96
1.92
1.87
1.81
22
4.30
3.44
3.05
2.82
2.66
2.55
2.46
2.40
2.34
2.30
2.23
2.15
2.07
2.03
1.98
1.94
1.89
1.84
1.78
23
4.28
3.42
3.03
2.80
2.64
2.53
2.44
2.37
2.32
2.27
2.20
2.13
2.05
2.01
1.96
1.91
1.86
1.81
1.76
24
4.26
3.40
3.01
2.78
2.62
2.51
2.42
2.36
2.30
2.25
2.18
2.11
2.03
1.98
1.94
1.89
1.84
1.79
1.73
25
4.24
3.39
2.99
2.76
2.60
2.49
2.40
2.34
2.28
2.24
2.16
2.09
2.01
1.96
1.92
1.87
1.82
1.77
1.71
26
4.23
3.37
2.98
2.74
2.59
2.47
2.39
2.32
2.27
2.22
2.15
2.07
1.99
1.95
1.90
1.85
1.80
1.75
1.69
27
4.21
3.35
2.96
2.73
2.57
2.46
2.37
2.31
2.25
2.20
2.13
2.06
1.97
1.93
1.88
1.84
1.79
1.73
1.67
28
4.20
3.34
2.95
2.71
2.56
2.45
2.36
2.29
2.24
2.19
2.12
2.04
1.96
1.91
1.87
1.82
1.77
1.71
1.65
29
4.18
3.33
2.93
2.70
2.55
2.43
2.35
2.28
2.22
2.18
2.10
2.03
1.94
1.90
1.85
1.81
1.75
1.70
1.64
30
4.17
3.32
2.92
2.69
2.53
2.42
2.33
2.27
2.21
2.16
2.09
2.01
1.93
1.89
1.84
1.79
1.74
1.68
1.62
40
4.08
3.23
2.84
2.61
2.45
2.34
2.25
2.18
2.12
2.08
2.00
1.92
1.84
1.79
1.74
1.69
1.64
1.58
1.51
60
4.00
3.15
2.76
2.53
2.37
2.25
2.17
2.10
2.04
1.99
1.92
1.84
1.75
1.70
1.65
1.59
1.53
1.47
1.39
120
3.92
3.07
2.68
2.45
2.29
2.17
2.09
2.02
1.96
1.91
1.83
1.75
1.66
1.61
1.55
1.50
1.43
1.35
1.25
N
3.84
3.00
2.60
2.37
2.21
2.10
2.01
1.94
1.88
1.83
1.75
1.67
1.57
1.52
1.46
1.39
1.32
1.22
1.00
aZ0.01
1
4052
4999.5
5403
5625
5764
5859
5928
5982
6022
6056
6106
6157
6209
6235
6261
6287
6313
6339
6366
2
98.50
99.00
99.17
99.25
99.30
99.33
99.36
99.37
99.39
99.40
99.42
99.43
99.45
99.46
99.47
99.47
99.48
99.49
99.50
3
34.12
30.82
29.46
28.71
28.24
27.91
27.67
27.49
27.35
27.23
27.05
26.87
26.69
26.60
26.50
26.41
26.32
26.22
26.13
4
21.20
18.00
16.69
15.98
15.52
15.21
14.98
14.80
14.66
14.55
14.37
14.20
14.02
13.93
13.84
13.75
13.65
13.56
13.46
5
16.26
13.27
12.06
11.39
10.97
10.67
10.46
10.29
10.16
10.05
9.89
9.72
9.55
9.47
9.38
9.29
9.20
9.11
9.02
6
13.75
10.92
9.78
9.15
8.75
8.47
8.26
8.10
7.98
7.87
7.72
7.56
7.40
7.31
7.23
7.14
7.06
6.97
6.88
7
12.25
9.55
8.45
7.85
7.46
7.19
6.99
6.84
6.72
6.62
6.47
6.31
6.16
6.07
5.99
5.91
5.82
5.74
5.65
8
11.26
8.65
7.59
7.01
6.63
6.37
6.18
6.03
5.91
5.81
5.67
5.52
5.36
5.28
5.20
5.12
4.03
4.95
4.86
9
10.56
8.02
6.99
6.42
6.06
5.80
5.61
5.47
5.35
5.26
5.11
4.96
4.81
4.73
4.65
4.57
4.48
4.40
4.31
10
10.04
7.56
6.55
5.99
5.64
5.39
5.20
5.06
4.94
4.85
4.71
4.56
4.41
4.33
4.25
4.17
4.08
4.00
3.91
11
9.65
7.21
6.22
5.67
5.32
5.07
4.89
4.74
4.63
4.54
4.40
4.25
4.10
4.02
3.94
3.86
3.78
3.69
3.60
12
9.33
6.93
5.95
5.41
5.06
4.82
4.64
4.50
4.39
4.30
4.16
4.01
3.86
3.78
3.70
3.62
3.54
3.45
3.36
13
9.07
6.70
5.74
5.21
4.86
4.62
4.44
4.30
4.19
4.10
3.96
3.82
3.66
3.59
3.51
3.43
3.34
3.25
3.17
Sensory Evaluation Techniques, 4th Ed., Ch. 17
430
