19
2.45
3.09
3.47
3.75
3.97
4.14
4.29
4.42
4.53
4.63
4.72
4.80
4.88
4.95
5.01
5.07
5.13
5.18
5.23
20
2.44
3.08
3.46
3.74
3.95
4.12
4.27
4.40
4.51
4.61
4.70
4.78
4.85
4.92
4.99
5.05
5.10
5.16
5.20
24
2.42
3.05
3.42
3.69
3.90
4.07
4.21
4.34
4.44
4.54
4.63
4.71
4.78
4.85
4.91
4.97
5.02
5.07
5.12
30
2.40
3.02
3.39
3.65
3.85
4.02
4.16
4.28
4.38
4.47
4.56
4.64
4.71
4.77
4.83
4.89
4.94
4.99
5.03
40
2.38
2.99
3.35
3.60
3.80
3.96
4.10
4.21
4.32
4.41
4.49
4.56
4.63
4.69
4.75
4.81
4.86
4.90
4.95
60
2.36
2.96
3.31
3.56
3.75
3.91
4.04
4.16
4.25
4.34
4.42
4.49
4.56
4.62
4.67
4.73
4.78
4.82
4.86
120
2.34
2.93
3.28
3.52
3.71
3.86
3.99
4.10
4.19
4.28
4.35
4.42
4.48
4.54
4.60
4.65
4.69
4.74
4.78
N
2.33
2.90
3.24
3.48
3.66
3.81
3.93
4.04
4.13
4.21
4.28
4.35
4.41
4.47
4.52
4.57
4.61
4.65
4.69
Statistical Tables
425
