14
8.86
6.51
5.56
5.04
4.69
4.46
4.28
4.14
4.03
3.94
3.80
3.66
3.51
3.43
3.35
3.27
3.18
3.09
3.00
15
8.68
6.36
5.42
4.89
4.56
4.32
4.14
4.00
3.89
3.80
3.67
3.52
3.37
3.29
3.21
3.13
3.05
2.96
2.87
16
8.53
6.23
5.29
4.77
4.44
4.20
4.03
3.89
3.78
3.69
3.55
3.41
3.26
3.18
3.10
3.02
2.93
2.84
2.75
17
8.40
6.11
5.18
4.67
4.34
4.10
3.93
3.79
3.68
3.59
3.46
3.31
3.16
3.08
3.00
2.92
2.83
2.75
2.65
18
8.29
6.01
5.09
4.58
4.25
4.01
3.84
3.71
3.60
3.51
3.37
3.23
3.08
3.00
2.92
2.84
2.75
2.66
2.57
19
8.18
5.93
5.01
4.50
4.17
3.94
3.77
3.63
3.52
3.43
3.30
3.15
3.00
2.92
2.84
2.76
2.67
2.58
2.49
20
8.10
5.85
4.94
4.43
4.10
3.87
3.70
3.56
3.46
3.37
3.23
3.09
2.94
2.86
2.78
2.69
2.61
2.52
2.42
21
8.02
5.78
4.87
4.37
4.04
3.81
3.64
3.51
3.40
3.31
3.17
3.03
2.88
2.80
2.72
2.64
2.55
2.46
2.36
22
7.95
5.72
4.82
4.31
3.99
3.76
6.59
3.45
3.35
3.26
3.12
2.98
2.83
2.75
2.67
2.58
2.50
2.40
2.31
23
7.88
5.66
4.76
4.26
3.94
3.71
3.54
3.41
3.30
3.21
3.07
2.93
2.78
2.70
2.62
2.54
2.45
2.35
2.26
24
7.82
5.61
4.72
4.22
3.90
3.67
3.50
3.36
3.26
3.17
3.03
2.89
2.74
2.66
2.58
2.49
2.40
2.31
2.21
25
7.77
5.57
4.68
4.18
3.85
3.63
3.46
3.32
3.22
3.13
2.99
2.85
2.70
2.62
2.54
2.45
2.36
2.27
2.17
26
7.72
5.53
4.64
4.14
3.82
3.59
3.42
3.29
3.18
3.09
2.96
2.81
2.66
2.58
2.50
2.42
2.33
2.23
2.13
27
7.68
5.49
4.60
4.11
3.78
3.56
3.39
3.26
3.15
2.06
2.93
2.78
2.63
2.55
2.47
2.38
2.29
2.20
2.10
28
7.64
5.45
4.57
4.07
3.75
3.53
3.36
3.23
3.12
3.03
2.90
2.75
2.60
2.52
2.44
2.35
2.26
2.17
2.06
29
7.60
5.42
4.54
4.04
3.73
3.50
3.33
3.20
3.09
3.00
2.87
2.73
2.57
2.49
2.41
2.33
2.23
2.14
2.03
30
7.56
5.39
4.51
4.02
3.70
3.47
3.30
3.17
3.07
2.98
2.84
2.70
2.55
2.47
2.39
2.30
2.21
2.11
2.01
40
7.31
5.18
4.31
3.83
3.51
3.29
3.12
2.99
2.89
2.80
2.66
2.52
2.37
2.29
2.20
2.11
2.02
1.92
1.80
60
7.08
4.98
4.13
3.65
3.34
3.12
2.95
2.82
2.72
2.63
2.50
2.35
2.20
2.12
2.03
1.94
1.84
1.73
1.60
120
6.85
4.79
3.95
3.48
3.17
2.96
2.79
2.66
2.56
2.47
2.34
2.19
2.03
1.95
1.86
1.76
1.66
1.53
1.38
N
6.63
4.61
3.78
3.32
3.02
2.80
2.64
2.51
2.41
2.32
2.18
2.04
1.88
1.79
1.70
1.59
1.47
1.32
1.00
Statistical Tables
431
