TABLE 17.7
Minimum Number of Assessments in a Triangle Test (Entries are na;b;pd).
Entries are the sample sizes (n) required in a Triangle test to deliver sensitivity deﬁned by the values
chosen for a, b, and pd. Enter the table in the section corresponding to the chosen value of pd and the
row corresponding to the chosen value of a. Read the required sample size, n, from the column
corresponding to the chosen value of b.
b
a
0.50
0.40
0.30
0.20
0.10
0.05
0.01
0.001
pdZ50%
0.40
3
3
3
6
8
9
15
26
0.30
3
3
3
7
8
11
19
30
0.20
4
6
7
7
12
16
25
36
0.10
7
8
8
12
15
20
30
43
0.05
7
9
11
16
20
23
35
48
0.01
13
15
19
25
30
35
47
62
0.001
22
26
30
36
43
48
62
81
pdZ40%
0.40
3
3
6
6
9
15
26
41
0.30
3
3
7
8
11
19
30
47
0.20
6
7
7
12
17
25
36
55
0.10
8
10
15
17
25
30
46
67
0.05
11
15
16
23
30
40
57
79
0.01
21
26
30
35
47
56
76
102
0.001
36
39
48
55
68
76
102
130
pdZ30%
0.40
3
6
6
9
15
26
44
73
0.30
3
8
8
16
22
30
53
84
0.20
7
12
17
20
28
39
64
97
0.10
15
15
20
30
43
54
81
119
0.05
16
23
30
40
53
66
98
136
0.01
33
40
52
62
82
97
131
181
0.001
61
69
81
93
120
138
181
233
pdZ20%
0.40
6
9
12
18
35
50
94
153
0.30
8
11
19
30
47
67
116
183
0.20
12
20
28
39
64
86
140
212
0.10
25
33
46
62
89
119
178
260
0.05
40
48
66
87
117
147
213
305
0.01
72
92
110
136
176
211
292
397
0.001
130
148
176
207
257
302
396
513
pdZ10%
0.40
9
18
38
70
132
197
360
598
0.30
19
36
64
102
180
256
430
690
0.20
39
64
103
149
238
325
439
819
0.10
89
125
175
240
348
457
683
1011
0.05
144
191
249
325
447
572
828
1178
0.01
284
350
425
525
680
824
1132
1539
0.001
494
579
681
803
996
1165
1530
1992
Sensory Evaluation Techniques, 4th Ed., Ch. 17
432
